Carbon 500K
18
4 34 39 39 46 46 53 53 60 60 67 67 74 74 81 81 88 88 98 98 105 105 112 112 119 119 126 126 133 133 140 140 147 147 154 154                                                                          
MSI 550S
3
101 159 160 284 315 349                                                                                                                                                                             
Monster 512KS
0
                                                                                                                                                                                                 

