BENQ MS527
5
65 89 96 96 125 125 156 156 187 187                                                                                                                                                                      
Acer H5382BD
3
13 25 316 328 359 393                                                         
Brother KA124
1
67 97                                                                                                                                                                                                  

